0 996  1007 1 3  Mn54@837
0 782  788  1 5  Co56@655 
0 877  882  1 2  Co56@734 
0 940  950  1 10 Co56@788
0 1010 1024 1 4  Co56@847
0 1168 1175 1 10 Co56@977
0 1192 1200 1 1  Co56@997
0 1239 1254 1 10 Co56@1038
0 1364 1371 1 10 Co56@1140
0 1477 1497 1 10 Co56@1238
0 1623 1641 1 10 Co56@1360
0 1725 1732 1 1 Co56@1443
0 2113 2138 1 10 Co56@1772
0 2406 2423 1 7  Co56@2015
0 2431 2450 1 5  Co56@2035
0 2717 2734 1 10 co56@2276
0 3104 3127 1 10 56Co@2598
0 3599 3614 1 10 Co56@3009
0 3888 3910 1 3  Co56@3253
0 3913 3930 1 1  Co56@3273
0 143  153  1 6  Co57@120
0 161  167  1 6  Co57@136
0 967  975  1 10 Co58@811
0 1400 1417 1 10 Co60@1173
0 1591 1608 1 10 Co60@1332
1 982  991  1 5  Mn54@837
1 815  822  1 5  Co56@655
1 865  869  1 1  Co56@734
1 928  935  1 10 Co56@788
1 996  1005 1 6  Co56@847
1 1151 1157 1 10 Co56@977
1 1174 1185 1 1  Co56@997
1 1221 1230 1 6  Co56@1038
1 1344 1351 1 10 Co56@1140
1 1457 1467 1 10 Co56@1238
1 1600 1613 1 10 Co56@1360
1 1700 1705 1 1  Co56@1443
1 2084 2098 1 10 Co56@1772
1 2372 2383 1 10 Co56@2015
1 2394 2407 1 9  Co56@2035
1 2678 2692 1 10 Co56@2276
1 3060 3073 1 10 Co56@2598
1 3544 3556 1 10 Co56@3009
1 3829 3845 1 8  Co56@3253
1 3855 3868 1 8  Co56@3273
1 140  152  1 5  Co57@120
1 159  167  1 1  Co57@136
1 955  961  1 10 Co58@811
1 1381 1391 1 10 Co60@1173
1 1567 1578 1 10 Co60@1332
2 952  964  1 3  Mn54@837
2 751  758  1 5  Co56@655
2 840  847  1 1  Co56@734
2 900  911  1 10 Co56@788
2 966  980  1 2  Co56@847
2 1119 1127 1 10 Co56@977
2 1140 1150 1 1  Co56@997
2 1185 1198 1 6  Co56@1038
2 1306 1314 1 10 Co56@1140
2 1411 1429 1 10 Co56@1238
2 1550 1570 1 10 Co56@1360
2 1653 1659 1 1  Co56@1443
2 2021 2040 1 10 Co56@1772
2 2303 2318 1 6  Co56@2015
2 2324 2340 1 6  Co56@2035
2 2600 2616 1 10 Co56@2276
2 2964 2991 1 10 Co56@2598
2 3439 3459 1 10 Co56@3009
2 3718 3740 1 3  Co56@3253
2 3745 3760 1 1  Co56@3273
2 136  149  1 5  Co57@120
2 155  164  1 4  Co57@136
2 927  937  1 10 Co58@811
2 1341 1354 1 10 Co60@1173
2 1521 1536 1 10 Co60@1332
3 990  998  1 4  Mn54@837
3 801  806  1 5  Co56@655
3 871  875  1 1  Co56@734
3 936  942  1 10 Co56@788
3 1003 1012 1 6  Co56@847
3 1160 1168 1 10 Co56@977
3 1186 1190 1 1  Co56@997
3 1232 1240 1 10 Co56@1038
3 1355 1363 1 10 Co56@1140
3 1470 1480 1 10 Co56@1238
3 1616 1627 1 10 Co56@1360
3 1716 1723 1 1  Co56@1443
3 2106 2118 1 10 Co56@1772
3 2396 2409 1 9  Co56@2015
3 2421 2433 1 9  Co56@2035
3 2709 2725 1 10 Co56@2276
3 3093 3110 1 6  Co56@2598
3 3585 3598 1 10 Co56@3008
3 3872 3891 1 8  Co56@3253
3 3899 3914 1 8  Co56@3273
3 140  147  1 5  Co57@120
3 157  163  1 5  Co57@136
3 962  969  1 10 Co58@811
3 1393 1403 1 10 Co60@1173
3 1582 1592 1 10 Co60@1332
