0 983 1018 1 10   Na22@511
0 3449 3484 1 10  Co56@1772
0 234  244  1 10  Co57@120
0 265  272  1 10  Co57@136
0 2285 2311 1 10  Co60@1173
1 901 945 1 10    Na22@511
1 3439 3545 1 10  Co56@1772
1 119  134  1 10  Co57@120
1 150  163  1 10  Co57@136
1 2243 2307 1 10  Co60@1173
2 987 1020 1 10   Na22@511
2 3444 3483 1 10  Co56@1772
2 234 252 1 10    Co57@122
2 264 279 1 7     Co57@136
2 2280 2310 1 10  Co60@1173
3 982 1006 1 10   Na22@511
3 3445 3464 1 10  Co56@1772
3 232  239  1 10  Co57@120
3 260  268  1 10  Co57@136
3 2280 2300 1 10  Co60@1173
